0.633012 0.774142 0.815641 0.578558 2 0.563637 0.392769
0.60758 0.794258 0.916921 0.39907 2 0.584281 0.261334
0.707212 0.707002 0.845538 0.533916 2 0.499905 0.35856
0.522077 0.852898 0.824112 0.566426 2 0.650314 0.383349
0.335769 0.941944 0.84371 0.536799 2 0.782008 0.360733
0.750621 0.660733 0.746112 0.665821 2 0.459509 0.463837
0.377592 0.925972 0.879538 0.475828 2 0.753504 0.315703
0.375292 0.926906 0.827022 0.56217 2 0.755085 0.380067
0.614338 0.789043 0.815084 0.579342 2 0.578847 0.393381
0.381981 0.92417 0.897319 0.441383 2 0.750484 0.291024
0.517679 0.855575 0.882553 0.470214 2 0.653592 0.311646
0.312659 0.949866 0.87443 0.485152 2 0.797561 0.322472
0.582785 0.812626 0.853004 0.521904 2 0.603926 0.349556
0.493677 0.869645 0.88799 0.459862 2 0.671305 0.304202
0.62837 0.777915 0.860092 0.510138 2 0.567445 0.340812
0.848424 0.529318 0.705018 0.709189 2 0.355104 0.501878
0.144525 0.989501 0.654951 0.755671 2 0.907669 0.545378
0.391286 0.920269 0.87511 0.483924 2 0.744061 0.321578
0.680994 0.732289 0.88637 0.462977 2 0.523096 0.306438
0.285695 0.958321 0.783791 0.621025 2 0.815551 0.426567
0.523547 0.851997 0.816072 0.57795 2 0.649217 0.392294
0.62787 0.778318 0.789442 0.613825 2 0.567854 0.42074
0.199464 0.979905 0.77746 0.628932 2 0.87216 0.433015
0.31829 0.947993 0.795698 0.605693 2 0.793783 0.414208
0.327947 0.944696 0.864875 0.501988 2 0.787286 0.334795
0.586988 0.809596 0.801668 0.597769 2 0.600627 0.407892
0.422393 0.906413 0.91428 0.405084 2 0.72238 0.265515
0.313311 0.949651 0.721985 0.691909 2 0.797124 0.48646
0.702251 0.711929 0.862888 0.505396 2 0.504357 0.337307
0.428965 0.903321 0.858505 0.512806 2 0.717757 0.342788
0.274804 0.9615 0.724487 0.689288 2 0.822774 0.484153
0.283978 0.958831 0.677725 0.735316 2 0.816691 0.525932
0.247223 0.968959 0.725139 0.688603 2 0.840964 0.483551
0.712713 0.701455 0.853869 0.520488 2 0.494932 0.3485
0.50306 0.864251 0.827899 0.560877 2 0.664415 0.379072
0.740293 0.672285 0.851574 0.524234 2 0.469374 0.351296
0.18588 0.982572 0.786925 0.617049 2 0.880973 0.423344
0.426972 0.904265 0.864703 0.502284 2 0.71916 0.335014
0.1491 0.988822 0.790239 0.612799 2 0.904724 0.419913
0.614602 0.788837 0.843051 0.537834 2 0.578633 0.361515
0.361951 0.932197 0.882771 0.469803 2 0.764222 0.31135
0.586101 0.810238 0.881705 0.471801 2 0.601324 0.312792
0.787445 0.616385 0.768509 0.639839 2 0.422807 0.441998
0.458435 0.888728 0.875755 0.482755 2 0.696821 0.320728
0.350123 0.936704 0.803047 0.595916 2 0.772279 0.406422
0.78113 0.624368 0.847767 0.53037 2 0.429287 0.355894
0.844461 0.535617 0.696629 0.717432 2 0.359842 0.509365
0.684927 0.728611 0.790928 0.611909 2 0.519668 0.419196
0.784722 0.619848 0.687492 0.726192 2 0.425612 0.517423
0.357913 0.933755 0.845318 0.534264 2 0.766977 0.358822
0.221556 0.975148 0.755927 0.654656 2 0.857773 0.454373
0.833274 0.55286 0.685463 0.728107 2 0.372927 0.519199
0.23277 0.972532 0.812358 0.583159 2 0.850442 0.396367
0.214231 0.976783 0.674711 0.738082 2 0.862551 0.528537
0.246268 0.969202 0.75514 0.655564 2 0.841592 0.455138
0.0997118 0.995016 0.686064 0.727541 2 0.936416 0.518674
0.656471 0.754351 0.776966 0.629542 2 0.544096 0.433515
0.736477 0.676463 0.866882 0.498514 2 0.472976 0.332241
0.456676 0.889633 0.846877 0.531788 2 0.69808 0.35696
0.394446 0.918919 0.797509 0.603307 2 0.741873 0.412301
0.499684 0.866208 0.900569 0.434713 2 0.666899 0.2863
0.633054 0.774108 0.817625 0.575752 2 0.563602 0.390581
0.721994 0.6919 0.857321 0.514782 2 0.486452 0.344255
0.341035 0.940051 0.763937 0.64529 2 0.778445 0.446527
0.294033 0.955795 0.662666 0.748915 2 0.810005 0.538849
0.645137 0.764067 0.850694 0.525661 2 0.553601 0.352364
0.819014 0.573773 0.78 0.625779 2 0.389042 0.430438
0.318543 0.947908 0.831204 0.555967 2 0.793613 0.375304
0.78081 0.624769 0.847973 0.530039 2 0.429613 0.355646
0.75873 0.651406 0.680197 0.733029 2 0.451641 0.523788
0.27293 0.962034 0.78688 0.617105 2 0.824014 0.42339
0.294207 0.955742 0.758361 0.651834 2 0.809889 0.452
0.56814 0.822932 0.920809 0.390014 2 0.615326 0.25506
0.46951 0.882927 0.878049 0.478572 2 0.688861 0.317691
0.74355 0.66868 0.877374 0.479807 2 0.466281 0.318587
0.48275 0.875758 0.861321 0.508062 2 0.679276 0.339276
0.288016 0.957626 0.727051 0.686584 2 0.814009 0.481781
0.552618 0.833435 0.843132 0.537707 2 0.627258 0.361419
0.133897 0.990995 0.784546 0.620071 2 0.914502 0.425792
0.715206 0.698913 0.683957 0.729523 2 0.492665 0.520516
0.275973 0.961165 0.885498 0.464643 2 0.822 0.307635
0.408194 0.912895 0.912973 0.40802 2 0.732317 0.267561
0.336755 0.941592 0.736049 0.676928 2 0.781341 0.473378
0.18501 0.982737 0.835069 0.550145 2 0.881537 0.370855
0.730815 0.682576 0.811712 0.584058 2 0.478281 0.397072
0.340971 0.940074 0.880645 0.473776 2 0.778489 0.314219
0.28212 0.959379 0.883354 0.468706 2 0.817925 0.310559
0.730018 0.683427 0.712084 0.702094 2 0.479023 0.495503
0.723562 0.690259 0.785023 0.619466 2 0.485007 0.425302
0.635201 0.772347 0.899895 0.436107 2 0.561834 0.287286
0.188164 0.982138 0.744102 0.668066 2 0.879493 0.465756
0.311856 0.95013 0.792423 0.609971 2 0.798099 0.417638
0.305673 0.952137 0.859327 0.511426 2 0.802237 0.341765
0.588239 0.808687 0.822908 0.568174 2 0.599643 0.3847
0.832889 0.55344 0.726523 0.687143 2 0.37337 0.48227
0.790215 0.61283 0.810157 0.586213 2 0.419938 0.398764
0.42464 0.905362 0.8676 0.497264 2 0.720801 0.331324
0.472148 0.88152 0.84315 0.537679 2 0.686958 0.361398
0.70786 0.706353 0.826546 0.56287 2 0.499322 0.380605
0.744947 0.667123 0.823991 0.566603 2 0.464949 0.383485
0.368835 0.929495 0.812598 0.582824 2 0.759514 0.396105
0.398449 0.917191 0.868011 0.496546 2 0.739097 0.330797
0.75246 0.658637 0.708444 0.705767 2 0.457734 0.498795
0.33264 0.943054 0.817134 0.576448 2 0.784121 0.391124
0.41817 0.908369 0.862573 0.505933 2 0.725344 0.337703
0.474845 0.880069 0.807007 0.590542 2 0.685008 0.402172
0.288059 0.957613 0.800556 0.599258 2 0.81398 0.409075
0.617885 0.786269 0.793233 0.608918 2 0.57598 0.416792
0.723919 0.689885 0.652174 0.758069 2 0.484678 0.547714
0.189337 0.981912 0.737832 0.674984 2 0.878732 0.471699
0.278872 0.960328 0.705071 0.709137 2 0.820079 0.50183
0.608769 0.793347 0.889775 0.456399 2 0.583327 0.301722
0.172607 0.984991 0.823562 0.567226 2 0.889562 0.383967
0.54342 0.839461 0.896269 0.443512 2 0.634258 0.292535
0.739299 0.673377 0.689421 0.724361 2 0.470314 0.51573
0.617437 0.78662 0.80934 0.58734 2 0.576342 0.39965
0.699518 0.714615 0.78684 0.617157 2 0.506796 0.423432
0.784322 0.620354 0.696866 0.717202 2 0.426022 0.509155
0.300428 0.953805 0.888806 0.458283 2 0.805741 0.303071
0.400691 0.916213 0.810334 0.585968 2 0.73754 0.398571
0.849282 0.527939 0.65994 0.751319 2 0.35407 0.541164
0.6332 0.773988 0.818321 0.574762 2 0.563482 0.389811
0.176068 0.984378 0.697186 0.71689 2 0.887324 0.50887
0.679447 0.733725 0.778113 0.628125 2 0.52444 0.432355
0.820909 0.57106 0.74698 0.664846 2 0.386935 0.463006
0.529137 0.848536 0.851324 0.52464 2 0.645032 0.3516
0.797514 0.6033 0.68356 0.729895 2 0.412296 0.520862
0.74339 0.668858 0.770242 0.637752 2 0.466433 0.440271
0.285052 0.958512 0.800985 0.598684 2 0.815978 0.408619
0.124064 0.992274 0.742712 0.669611 2 0.920815 0.467078
0.310168 0.950682 0.682772 0.730632 2 0.799229 0.521549
0.385861 0.922557 0.844991 0.53478 2 0.747809 0.359211
0.335987 0.941867 0.896562 0.442917 2 0.781861 0.292113
0.284765 0.958597 0.786468 0.617632 2 0.816169 0.423815
0.320807 0.947144 0.862862 0.505439 2 0.792092 0.337339
0.350613 0.93652 0.820384 0.571813 2 0.771946 0.387519
0.565257 0.824915 0.921601 0.38814 2 0.617554 0.253764
0.401393 0.915906 0.802601 0.596516 2 0.737053 0.406897
0.756221 0.654316 0.672459 0.740134 2 0.454087 0.530476
0.195699 0.980664 0.801535 0.597948 2 0.874605 0.408034
0.551392 0.834246 0.915279 0.40282 2 0.628194 0.26394
0.503069 0.864246 0.808962 0.587862 2 0.664408 0.40006
0.470721 0.882282 0.866419 0.499318 2 0.687987 0.332832
0.703752 0.710446 0.873794 0.486296 2 0.503013 0.323305
0.405365 0.914155 0.887327 0.461142 2 0.734289 0.30512
0.482232 0.876043 0.899462 0.436998 2 0.679652 0.287917
0.405581 0.914059 0.845661 0.533721 2 0.734138 0.358413
0.743221 0.669046 0.850366 0.526192 2 0.466594 0.352762
0.214861 0.976645 0.656594 0.754244 2 0.86214 0.543993
0.713047 0.701117 0.722038 0.691854 2 0.49463 0.486411
0.792261 0.610182 0.750583 0.660776 2 0.417808 0.459545
0.545021 0.838423 0.879112 0.476615 2 0.633044 0.316273
0.217865 0.975979 0.698724 0.715391 2 0.860181 0.507503
0.761307 0.648391 0.749593 0.661899 2 0.449116 0.460498
0.829531 0.558461 0.720849 0.693092 2 0.377216 0.487504
0.0917371 0.995783 0.687411 0.726269 2 0.941516 0.517495
0.292177 0.956364 0.674636 0.738151 2 0.811241 0.528602
0.755543 0.655099 0.780792 0.624792 2 0.454747 0.429632
0.719438 0.694556 0.652223 0.758027 2 0.488798 0.547673
0.709799 0.704404 0.872952 0.487807 2 0.497571 0.324406
0.686102 0.727506 0.73523 0.677818 2 0.518641 0.474149
0.565427 0.824799 0.8423 0.53901 2 0.617423 0.362403
0.812576 0.582856 0.694891 0.719115 2 0.39613 0.510905
0.106102 0.994355 0.671065 0.741399 2 0.932326 0.531674
0.499333 0.86641 0.898673 0.438619 2 0.667157 0.289065
0.527208 0.849736 0.871885 0.48971 2 0.646477 0.325795
0.28199 0.959417 0.720957 0.692979 2 0.818011 0.487405
0.296911 0.954905 0.778178 0.628043 2 0.808087 0.432288
0.687408 0.726271 0.808918 0.587922 2 0.517496 0.400107
0.272872 0.96205 0.683276 0.73016 2 0.824053 0.521109
0.305483 0.952198 0.896105 0.443843 2 0.802364 0.29277
0.231425 0.972853 0.800085 0.599886 2 0.851322 0.409575
0.181842 0.983328 0.760958 0.648801 2 0.883588 0.449459
0.713595 0.700558 0.715409 0.698706 2 0.494131 0.492481
0.210149 0.977669 0.742001 0.670399 2 0.86521 0.467754
0.249003 0.968503 0.816033 0.578005 2 0.839794 0.392337
0.400271 0.916397 0.824581 0.565745 2 0.737832 0.382822
0.799467 0.60071 0.790946 0.611886 2 0.410231 0.419178
0.198 0.980202 0.702787 0.7114 2 0.873111 0.503877
0.660543 0.750788 0.766983 0.641668 2 0.540652 0.443514
0.422716 0.906262 0.819367 0.57327 2 0.722154 0.388651
0.692037 0.721862 0.807054 0.590478 2 0.513427 0.402122
0.522567 0.852598 0.82549 0.564417 2 0.649949 0.381798
0.220628 0.975358 0.796372 0.604807 2 0.858379 0.4135
0.260042 0.965597 0.704601 0.709604 2 0.832527 0.502252
0.754065 0.6568 0.769053 0.639185 2 0.456181 0.441456
0.532176 0.846634 0.922166 0.386795 2 0.642749 0.252836
0.113767 0.993508 0.652253 0.758001 2 0.927417 0.547648
0.394203 0.919024 0.872573 0.488484 2 0.742042 0.3249
0.572936 0.8196 0.850043 0.526713 2 0.611609 0.353152
0.65629 0.754509 0.84587 0.533389 2 0.54425 0.358163
0.682256 0.731114 0.811097 0.584912 2 0.521998 0.397742
0.7481 0.663586 0.689452 0.724331 2 0.461932 0.515703
0.265988 0.963976 0.795357 0.606141 2 0.828604 0.414567
0.521711 0.853122 0.845232 0.5344 2 0.650588 0.358925
0.131752 0.991283 0.740533 0.672021 2 0.91588 0.469147
0.344631 0.938738 0.805374 0.592767 2 0.776008 0.403929
0.379757 0.925086 0.807704 0.589588 2 0.752015 0.401419
0.770397 0.637564 0.757604 0.652714 2 0.440116 0.452739
0.660464 0.750857 0.803332 0.595531 2 0.540719 0.406117
0.441168 0.897425 0.799379 0.600828 2 0.709129 0.410324
0.236724 0.971577 0.717617 0.696438 2 0.847853 0.490465
0.615044 0.788493 0.902517 0.430653 2 0.578277 0.283434
0.619427 0.785054 0.885703 0.464253 2 0.57473 0.307354
0.338868 0.940834 0.735262 0.677783 2 0.779912 0.474119
0.738729 0.674003 0.72452 0.689254 2 0.470853 0.484123
0.632615 0.774466 0.840293 0.542133 2 0.563963 0.364766
0.611149 0.791516 0.854481 0.519483 2 0.581415 0.347751
0.486487 0.873688 0.894585 0.446897 2 0.676556 0.294942
0.222649 0.974899 0.650494 0.759511 2 0.857059 0.549124
0.422823 0.906212 0.908414 0.418071 2 0.722078 0.274588
0.164359 0.986401 0.650974 0.7591 2 0.894889 0.548721
0.423698 0.905803 0.912575 0.408909 2 0.721463 0.268181
0.167064 0.985946 0.709835 0.704368 2 0.893143 0.497539
0.722969 0.69088 0.814433 0.580257 2 0.485554 0.394096
0.362785 0.931873 0.900382 0.435099 2 0.763652 0.286573
0.744121 0.668045 0.737943 0.674863 2 0.465738 0.471595
0.727021 0.686615 0.824398 0.56601 2 0.481809 0.383027
0.695905 0.718134 0.806385 0.591391 2 0.510007 0.402842
0.785291 0.619127 0.782791 0.622285 2 0.425027 0.427591
0.307126 0.951669 0.859891 0.510478 2 0.801266 0.341063
0.152634 0.988283 0.730296 0.683131 2 0.902449 0.478764
0.67234 0.740242 0.859906 0.510453 2 0.530578 0.341045
0.724775 0.688985 0.701192 0.712972 2 0.483887 0.505303
0.442166 0.896933 0.84743 0.530907 2 0.708421 0.356297
0.701159 0.713005 0.709215 0.704993 2 0.505333 0.498099
0.510637 0.859797 0.851308 0.524666 2 0.65882 0.351619
0.78512 0.619344 0.707629 0.706584 2 0.425202 0.49953
0.330942 0.943651 0.742734 0.669587 2 0.785267 0.467057
0.207829 0.978165 0.66561 0.7463 2 0.866721 0.536343
0.613589 0.789625 0.816139 0.577855 2 0.57945 0.39222
0.490985 0.871168 0.895761 0.444536 2 0.673274 0.293263
0.49254 0.87029 0.894216 0.447635 2 0.672137 0.295467
0.745284 0.666747 0.821197 0.570644 2 0.464628 0.386613
0.308409 0.951254 0.695255 0.718763 2 0.800407 0.510583
0.779666 0.626195 0.831636 0.555321 2 0.430778 0.374809
0.628018 0.778199 0.854737 0.519061 2 0.567733 0.347437
0.236214 0.971701 0.835063 0.550154 2 0.848187 0.370862
0.36855 0.929608 0.884931 0.465721 2 0.759709 0.30841
0.245806 0.969319 0.796568 0.604548 2 0.841895 0.413293
0.51558 0.856842 0.879494 0.47591 2 0.655153 0.315763
0.704565 0.709639 0.687471 0.726212 2 0.502284 0.517442
0.633768 0.773524 0.91505 0.403341 2 0.563015 0.264303
0.667197 0.744881 0.824405 0.566 2 0.534988 0.38302
0.157054 0.98759 0.747545 0.664211 2 0.899601 0.462465
0.598182 0.801361 0.831261 0.555882 2 0.59178 0.375239
0.345272 0.938503 0.829144 0.559034 2 0.775574 0.377656
0.786329 0.617808 0.692594 0.721328 2 0.423958 0.512936
0.736272 0.676686 0.702484 0.7117 2 0.473169 0.504149
0.748448 0.663193 0.734749 0.678339 2 0.461598 0.4746
0.183136 0.983088 0.659796 0.751445 2 0.88275 0.541286
0.594514 0.804086 0.88338 0.468657 2 0.594689 0.310524
0.349305 0.937009 0.833727 0.552177 2 0.772835 0.372405
0.488149 0.87276 0.832895 0.553431 2 0.675345 0.373364
0.708057 0.706155 0.80067 0.599106 2 0.499144 0.408954
0.757523 0.652809 0.732376 0.680901 2 0.452819 0.476823
0.304901 0.952384 0.77335 0.633979 2 0.802753 0.437159
0.222366 0.974963 0.815335 0.578989 2 0.857244 0.393105
0.742854 0.669453 0.729886 0.683569 2 0.466943 0.479146
0.693444 0.720511 0.830644 0.556803 2 0.512185 0.375944
0.487453 0.873149 0.821654 0.569987 2 0.675852 0.386103
0.688995 0.724766 0.775173 0.631749 2 0.516104 0.435325
0.273228 0.961949 0.83986 0.542803 2 0.823817 0.365274
0.708467 0.705744 0.682286 0.731085 2 0.498774 0.521972
0.449963 0.893047 0.811218 0.584744 2 0.702874 0.39761
0.595351 0.803465 0.876655 0.481119 2 0.594026 0.319539
0.362085 0.932145 0.831984 0.5548 2 0.76413 0.37441
0.239295 0.970947 0.738115 0.674675 2 0.846168 0.471433
0.145883 0.989302 0.657458 0.753491 2 0.906795 0.543264
0.699886 0.714254 0.716679 0.697403 2 0.506468 0.491322
0.423381 0.905952 0.819481 0.573107 2 0.721686 0.388524
0.103821 0.994596 0.691757 0.72213 2 0.933786 0.513674
0.232877 0.972506 0.789451 0.613813 2 0.850372 0.42073
0.230667 0.973033 0.733126 0.680093 2 0.851819 0.476121
0.586202 0.810165 0.818508 0.574495 2 0.601245 0.389603
0.650419 0.759576 0.881047 0.473029 2 0.549187 0.313679
0.483015 0.875612 0.878398 0.477931 2 0.679083 0.317226
0.466108 0.884728 0.806149 0.591713 2 0.691312 0.403096
0.161001 0.986954 0.728291 0.685267 2 0.897056 0.480629
0.706834 0.70738 0.874938 0.484236 2 0.500246 0.321805
0.672603 0.740003 0.828643 0.559778 2 0.530352 0.378227
0.434755 0.900549 0.836548 0.547893 2 0.71367 0.36914
0.313332 0.949644 0.79427 0.607565 2 0.79711 0.415707
0.767108 0.641518 0.825227 0.564801 2 0.44339 0.382094
0.553491 0.832855 0.811253 0.584695 2 0.62659 0.397572
0.165513 0.986208 0.783481 0.621416 2 0.894144 0.426885
0.413472 0.910517 0.864479 0.502669 2 0.728632 0.335297
0.549756 0.835325 0.91013 0.414323 2 0.629441 0.271964
0.714227 0.699914 0.853407 0.521245 2 0.493556 0.349064
0.733801 0.679364 0.774552 0.632511 2 0.475489 0.435951
0.696835 0.717232 0.73411 0.679031 2 0.509182 0.475199
0.417218 0.908807 0.891029 0.453947 2 0.72601 0.299969
0.840293 0.542133 0.680922 0.732356 2 0.364766 0.523159
0.530854 0.847463 0.919134 0.393945 2 0.643743 0.25778
0.727207 0.686418 0.682733 0.730668 2 0.481636 0.521582
0.79709 0.603861 0.823773 0.56692 2 0.412743 0.38373
0.468752 0.88333 0.807634 0.589684 2 0.689407 0.401495
0.626291 0.77959 0.789652 0.613554 2 0.569145 0.420522
0.767383 0.641189 0.661937 0.749559 2 0.443117 0.539469
0.758249 0.651965 0.821008 0.570916 2 0.452111 0.386824
0.431443 0.90214 0.883648 0.468152 2 0.716009 0.31016
0.47286 0.881137 0.876409 0.481567 2 0.686443 0.319864
0.229337 0.973347 0.82759 0.561333 2 0.852689 0.379422
0.278592 0.960409 0.71447 0.699666 2 0.820264 0.493336
0.540065 0.841623 0.870069 0.49293 2 0.636799 0.328148
0.274528 0.961579 0.676869 0.736104 2 0.822957 0.526673
0.238783 0.971073 0.858604 0.512639 2 0.846503 0.342664
0.391371 0.920233 0.824286 0.566174 2 0.744002 0.383154
0.334344 0.942451 0.748235 0.663434 2 0.78297 0.461803
0.666275 0.745706 0.863636 0.504116 2 0.535776 0.336363
0.601959 0.798527 0.849078 0.528268 2 0.588774 0.354317
0.683333 0.730107 0.887271 0.461249 2 0.52106 0.305197
0.463994 0.885839 0.898949 0.438054 2 0.692832 0.288664
0.821542 0.570149 0.756007 0.654564 2 0.386229 0.454296
0.229848 0.973227 0.784529 0.620092 2 0.852354 0.425809
0.74382 0.66838 0.768577 0.639757 2 0.466024 0.44193
0.720301 0.693661 0.702413 0.711769 2 0.488007 0.504212
0.478875 0.877883 0.823255 0.567672 2 0.682089 0.384312
0.544637 0.838672 0.915213 0.40297 2 0.633335 0.264044
0.717921 0.696125 0.703141 0.71105 2 0.490188 0.50356
0.279027 0.960283 0.71557 0.698541 2 0.819976 0.492334
0.766358 0.642414 0.74812 0.663564 2 0.444134 0.461914
0.543028 0.839714 0.921827 0.387602 2 0.634555 0.253393
0.717993 0.696051 0.765525 0.643407 2 0.490122 0.444959
0.311928 0.950106 0.868168 0.496271 2 0.798051 0.330596
0.315182 0.949031 0.813262 0.581898 2 0.795869 0.395379
0.324168 0.946 0.865968 0.5001 2 0.789831 0.333407
0.585957 0.810342 0.906451 0.422312 2 0.601437 0.277563
0.622011 0.783008 0.903183 0.429255 2 0.572631 0.282448
0.261845 0.96511 0.72121 0.692717 2 0.831338 0.487173
0.475181 0.879888 0.860295 0.509797 2 0.684765 0.340559
0.434196 0.900818 0.872736 0.488193 2 0.714065 0.324687
0.531206 0.847243 0.896007 0.44404 2 0.643478 0.292911
0.63755 0.770409 0.825034 0.565084 2 0.559896 0.382312
0.362932 0.931816 0.783928 0.620852 2 0.763551 0.426426
0.142691 0.989767 0.79054 0.612411 2 0.908849 0.4196
0.781907 0.623395 0.727851 0.685735 2 0.428495 0.481038
0.394784 0.918774 0.872978 0.48776 2 0.741639 0.324372
0.359021 0.933329 0.764722 0.64436 2 0.766221 0.445752
0.535465 0.844557 0.900368 0.43513 2 0.640273 0.286595
0.569164 0.822224 0.871521 0.490358 2 0.614534 0.326268
0.728186 0.68538 0.822768 0.568377 2 0.480728 0.384857
0.172219 0.985059 0.773594 0.633681 2 0.889813 0.436914
0.825185 0.564863 0.774612 0.632437 2 0.382142 0.43589
0.238202 0.971216 0.650152 0.759804 2 0.846884 0.549411
0.503199 0.86417 0.880653 0.473762 2 0.664312 0.314209
0.395264 0.918568 0.798802 0.601594 2 0.741307 0.410935
0.433508 0.90115 0.903686 0.428195 2 0.714551 0.281701
0.635775 0.771875 0.791981 0.610546 2 0.561361 0.4181
0.5674 0.823442 0.819162 0.573562 2 0.615899 0.388878
0.81797 0.575261 0.676185 0.736732 2 0.390199 0.527264
0.284777 0.958594 0.791463 0.611217 2 0.816161 0.41864
0.74179 0.670632 0.866191 0.499713 2 0.467954 0.333123
0.606897 0.794781 0.815658 0.578534 2 0.584828 0.39275
0.681036 0.73225 0.807301 0.59014 2 0.52306 0.401855
0.16286 0.986649 0.795303 0.606213 2 0.895856 0.414624
0.802621 0.59649 0.696012 0.71803 2 0.406877 0.509912
0.437918 0.899015 0.897928 0.440142 2 0.711432 0.290144
0.578548 0.815648 0.875191 0.483777 2 0.607239 0.321471
0.547657 0.836703 0.854755 0.519032 2 0.63104 0.347415
0.766457 0.642296 0.75172 0.659483 2 0.444036 0.458449
0.718448 0.69558 0.804932 0.593366 2 0.489705 0.404403
0.763658 0.645621 0.766752 0.641943 2 0.446803 0.443743
0.618227 0.785999 0.880923 0.47326 2 0.575702 0.313846
0.145594 0.989344 0.792754 0.609541 2 0.906981 0.417293
0.703827 0.710371 0.685922 0.727675 2 0.502946 0.518798
0.556227 0.831031 0.861259 0.508167 2 0.624497 0.339353
0.818927 0.573897 0.679259 0.733899 2 0.389138 0.524603
0.818151 0.575003 0.73644 0.676503 2 0.389998 0.473011
0.76003 0.649888 0.734845 0.678235 2 0.450369 0.47451
0.689908 0.723897 0.872377 0.488834 2 0.515302 0.325155
0.743258 0.669005 0.822314 0.569034 2 0.466559 0.385365
0.158611 0.987341 0.80712 0.590387 2 0.898597 0.40205
0.195375 0.980729 0.816257 0.577689 2 0.874815 0.392091
0.187033 0.982354 0.659239 0.751933 2 0.880226 0.541757
0.438807 0.898581 0.830881 0.556451 2 0.710802 0.375674
0.304773 0.952425 0.77112 0.636689 2 0.802839 0.439393
0.378214 0.925718 0.776115 0.630592 2 0.753076 0.434376
0.227243 0.973838 0.834968 0.550298 2 0.854058 0.370972
0.493554 0.869715 0.891886 0.452261 2 0.671395 0.298765
0.590308 0.807178 0.841456 0.540326 2 0.598012 0.363398
0.371729 0.928341 0.851163 0.524902 2 0.75753 0.351796
0.767264 0.641332 0.839898 0.542744 2 0.443236 0.365229
0.239625 0.970865 0.765298 0.643676 2 0.845951 0.445183
0.727838 0.685749 0.774941 0.632034 2 0.481051 0.43556
0.255366 0.966844 0.797482 0.603343 2 0.835608 0.41233
0.484257 0.874926 0.860201 0.509956 2 0.67818 0.340677
0.296339 0.955083 0.683413 0.730032 2 0.808468 0.520989
0.385455 0.922727 0.882771 0.469803 2 0.748089 0.31135
0.279529 0.960137 0.782207 0.623018 2 0.819644 0.428187
0.167168 0.985928 0.671642 0.740876 2 0.893076 0.531179
0.76661 0.642113 0.744501 0.667621 2 0.443884 0.465375
0.236478 0.971637 0.698691 0.715424 2 0.848013 0.507533
0.765878 0.642986 0.752783 0.658268 2 0.44461 0.457422
0.766821 0.641861 0.655457 0.755233 2 0.443675 0.544952
0.750498 0.660873 0.807042 0.590494 2 0.459627 0.402134
0.292702 0.956204 0.716538 0.697548 2 0.810891 0.491451
0.323423 0.946255 0.848235 0.52962 2 0.790333 0.355331
0.248096 0.968735 0.843019 0.537884 2 0.84039 0.361552
0.762809 0.646624 0.820608 0.571492 2 0.447639 0.38727
0.276005 0.961156 0.770805 0.637071 2 0.821979 0.439708
0.130243 0.991482 0.753711 0.657206 2 0.916848 0.456524
0.805054 0.593202 0.653957 0.756531 2 0.404273 0.546215
0.761044 0.648701 0.738713 0.67402 2 0.449374 0.470868
0.623252 0.782021 0.82326 0.567665 2 0.571622 0.384306
0.142505 0.989794 0.751867 0.659315 2 0.908968 0.458307
0.311812 0.950144 0.867778 0.496952 2 0.798128 0.331095
0.677427 0.73559 0.745251 0.666784 2 0.52619 0.464659
0.745999 0.665947 0.871588 0.490239 2 0.463945 0.326181
0.298843 0.954302 0.72941 0.684077 2 0.806798 0.47959
0.706743 0.70747 0.880086 0.474814 2 0.500327 0.31497
0.225462 0.974252 0.849133 0.528179 2 0.855221 0.35425
0.792047 0.61046 0.826128 0.563483 2 0.418031 0.381078
0.121525 0.992588 0.745448 0.666564 2 0.922443 0.464472
0.637343 0.77058 0.820476 0.571681 2 0.560067 0.387417
0.375557 0.926799 0.905319 0.424733 2 0.754903 0.279264
0.0962067 0.995361 0.702295 0.711886 2 0.938658 0.504318
0.613335 0.789823 0.916579 0.399855 2 0.579655 0.261879
0.842064 0.539378 0.739122 0.673572 2 0.362681 0.470481
0.751474 0.659763 0.848418 0.529328 2 0.458686 0.355111
0.334936 0.942241 0.789899 0.613237 2 0.78257 0.420266
0.283007 0.959118 0.780703 0.624902 2 0.817336 0.429722
0.534223 0.845343 0.915495 0.402329 2 0.641208 0.263598
0.626919 0.779084 0.791868 0.610692 2 0.568631 0.418217
0.523279 0.852161 0.836843 0.547444 2 0.649417 0.368798
0.597616 0.801783 0.84263 0.538493 2 0.59223 0.362013
0.464808 0.885412 0.901684 0.432396 2 0.692247 0.284664
0.718596 0.695428 0.77867 0.627434 2 0.48957 0.431789
0.408491 0.912762 0.88375 0.46796 2 0.73211 0.310021
0.777554 0.628816 0.681069 0.732219 2 0.432921 0.52303
0.44156 0.897232 0.915664 0.401946 2 0.708851 0.263332
0.133073 0.991106 0.70361 0.710586 2 0.915031 0.50314
0.565834 0.824519 0.835945 0.548813 2 0.617109 0.36984
0.227413 0.973798 0.842318 0.538981 2 0.853946 0.362381
0.603165 0.797616 0.905164 0.425063 2 0.587812 0.279496
0.425233 0.905084 0.90203 0.431674 2 0.720384 0.284153
0.78896 0.614445 0.721341 0.69258 2 0.42124 0.487052
0.758962 0.651135 0.775693 0.631111 2 0.451414 0.434801
0.48723 0.873274 0.816686 0.577082 2 0.676015 0.391617
0.819162 0.573562 0.757035 0.653375 2 0.388878 0.453295
0.21266 0.977126 0.858118 0.513452 2 0.863575 0.343267
0.306823 0.951767 0.708106 0.706106 2 0.801468 0.499099
0.705898 0.708314 0.753394 0.65757 2 0.501088 0.456831
0.572338 0.820018 0.89435 0.447368 2 0.612073 0.295277
0.472973 0.881077 0.877481 0.479611 2 0.686361 0.318445
0.793875 0.608081 0.77403 0.633149 2 0.416121 0.436476
0.309458 0.950913 0.700458 0.713694 2 0.799705 0.505958
0.143139 0.989703 0.783978 0.620788 2 0.908561 0.426375
0.691704 0.722181 0.82928 0.558834 2 0.513721 0.377502
0.663777 0.74793 0.780148 0.625595 2 0.537905 0.430287
0.710436 0.703761 0.894483 0.447101 2 0.496995 0.295087
0.291355 0.956615 0.82537 0.564593 2 0.811788 0.381933
0.759891 0.650051 0.761083 0.648655 2 0.450505 0.449336
0.375273 0.926914 0.794587 0.607151 2 0.755098 0.415375
0.776006 0.630726 0.710375 0.703824 2 0.434486 0.497051
0.150417 0.988623 0.785649 0.618673 2 0.903877 0.424659
0.421601 0.906781 0.892148 0.451742 2 0.722936 0.298395
0.282804 0.959178 0.860224 0.509916 2 0.817471 0.340647
0.824981 0.565161 0.766097 0.642724 2 0.382372 0.444392
0.406404 0.913693 0.821383 0.570376 2 0.733565 0.386405
0.232845 0.972514 0.789635 0.613577 2 0.850393 0.42054
0.834134 0.551562 0.71996 0.694016 2 0.371936 0.488321
0.454209 0.890895 0.843434 0.537233 2 0.699844 0.361061
0.706056 0.708156 0.802223 0.597024 2 0.500946 0.407301
0.636491 0.771284 0.869226 0.494416 2 0.560771 0.329236
0.113241 0.993568 0.746155 0.665772 2 0.927754 0.463795
0.501988 0.864875 0.808594 0.588367 2 0.665204 0.400458
0.114879 0.993379 0.712935 0.70123 2 0.926704 0.494731
0.248003 0.968759 0.831368 0.555722 2 0.840451 0.375116
0.399688 0.916651 0.808832 0.58804 2 0.738237 0.4002
0.106603 0.994302 0.725372 0.688357 2 0.932005 0.483335
0.677604 0.735427 0.845431 0.534084 2 0.526037 0.358687
0.262424 0.964953 0.734288 0.678838 2 0.830956 0.475032
0.746234 0.665684 0.863511 0.504331 2 0.46372 0.336521
0.575248 0.817979 0.900315 0.435238 2 0.609811 0.286672
0.472419 0.881374 0.88296 0.469449 2 0.686762 0.311095
0.816182 0.577795 0.719277 0.694723 2 0.392173 0.488946
0.675117 0.737711 0.82756 0.561378 2 0.528186 0.379457
0.787317 0.616548 0.765406 0.643548 2 0.422939 0.445077
0.727828 0.68576 0.745004 0.66706 2 0.48106 0.464895
0.172383 0.98503 0.650423 0.759572 2 0.889707 0.549183
0.42749 0.90402 0.850671 0.525699 2 0.718796 0.352392
0.814395 0.580311 0.70499 0.709217 2 0.394138 0.501903
0.234929 0.972013 0.684884 0.728652 2 0.849029 0.519706
0.499555 0.866282 0.835241 0.549884 2 0.666994 0.370656
0.222013 0.975044 0.71051 0.703687 2 0.857474 0.496929
0.263971 0.964531 0.731371 0.681979 2 0.829935 0.477761
0.558179 0.82972 0.86462 0.502427 2 0.623 0.335119
0.601303 0.799021 0.845239 0.534388 2 0.589297 0.358916
0.532937 0.846155 0.875495 0.483227 2 0.642177 0.321071
0.84904 0.528328 0.675124 0.737704 2 0.354362 0.52818
0.722684 0.691179 0.650658 0.759371 2 0.485817 0.548986
0.569519 0.821978 0.813148 0.582056 2 0.614259 0.395503
0.394619 0.918845 0.834077 0.551648 2 0.741753 0.372001
0.745481 0.666527 0.734361 0.678759 2 0.46444 0.474964
0.215354 0.976536 0.732709 0.680542 2 0.861819 0.476512
0.377298 0.926092 0.843766 0.536712 2 0.753707 0.360668
0.589885 0.807488 0.909647 0.415382 2 0.598346 0.272704
0.468811 0.883298 0.850134 0.526566 2 0.689365 0.353041
0.517158 0.85589 0.846927 0.53171 2 0.65398 0.356901
0.82376 0.566939 0.693478 0.720478 2 0.383745 0.512155
0.120558 0.992706 0.676555 0.736392 2 0.923063 0.526944
0.373222 0.927742 0.797262 0.603633 2 0.756506 0.412562
0.600677 0.799492 0.799534 0.600621 2 0.589795 0.41016
0.531606 0.846992 0.867272 0.497835 2 0.643178 0.331743
0.118578 0.992945 0.730739 0.682656 2 0.924333 0.478351
0.50615 0.862446 0.849145 0.52816 2 0.662137 0.354236
0.353899 0.935284 0.907295 0.420495 2 0.769711 0.276287
0.608752 0.793361 0.817705 0.575638 2 0.583341 0.390492
0.377204 0.92613 0.807158 0.590335 2 0.753771 0.402009
0.811797 0.58394 0.800634 0.599153 2 0.396979 0.408992
0.732267 0.681018 0.806931 0.590645 2 0.476925 0.402253
0.718314 0.695719 0.709563 0.704642 2 0.489828 0.497785
0.625461 0.780256 0.843184 0.537626 2 0.569822 0.361357
0.452212 0.89191 0.838789 0.544456 2 0.70127 0.366528
0.285144 0.958485 0.864858 0.502017 2 0.815917 0.334817
0.335017 0.942212 0.848498 0.529198 2 0.782516 0.355015
0.216549 0.976272 0.685182 0.728372 2 0.86104 0.519445
0.820195 0.572085 0.707405 0.706808 2 0.38773 0.499731
0.566415 0.82412 0.903437 0.428722 2 0.61666 0.282072
0.815277 0.579071 0.69716 0.716916 2 0.393169 0.508894
0.713375 0.700783 0.782212 0.623012 2 0.494332 0.428183
0.363183 0.931718 0.832369 0.554222 2 0.76338 0.373968
0.763167 0.646201 0.691857 0.722035 2 0.447286 0.513586
0.69233 0.721581 0.820177 0.572109 2 0.513169 0.387749
0.586286 0.810104 0.80466 0.593736 2 0.601179 0.404696
0.200483 0.979697 0.796506 0.604631 2 0.871498 0.413359
0.475014 0.879978 0.87916 0.476527 2 0.684886 0.316209
0.728734 0.684797 0.873825 0.48624 2 0.480218 0.323264
0.418058 0.90842 0.839439 0.543454 2 0.725421 0.365767
0.804529 0.593913 0.649611 0.760267 2 0.404836 0.549864
0.790906 0.611938 0.665619 0.746291 2 0.41922 0.536335
0.650582 0.759436 0.884772 0.466024 2 0.54905 0.308628
0.289411 0.957205 0.751948 0.659223 2 0.813081 0.458229
0.457153 0.889388 0.907168 0.420768 2 0.697739 0.276479
0.783339 0.621594 0.658097 0.752933 2 0.427029 0.542723
0.196746 0.980454 0.845652 0.533735 2 0.873925 0.358424
0.243596 0.969877 0.738905 0.673809 2 0.843346 0.470686
0.335484 0.942046 0.787278 0.616598 2 0.7822 0.42298
0.7212 0.692727 0.84057 0.541703 2 0.487182 0.36444
0.21173 0.977328 0.693588 0.720372 2 0.864181 0.512058
0.735556 0.677464 0.67149 0.741014 2 0.473842 0.531309
0.704064 0.710137 0.752372 0.658739 2 0.502734 0.45782
0.700941 0.71322 0.848757 0.528784 2 0.505528 0.354704
0.721343 0.692578 0.800003 0.599996 2 0.48705 0.409662
0.76806 0.640378 0.791544 0.611113 2 0.442445 0.418556
0.60344 0.797408 0.87545 0.483309 2 0.587593 0.321131
0.70244 0.711743 0.711443 0.702743 2 0.504188 0.496084
0.255797 0.96673 0.842317 0.538983 2 0.835324 0.362382
0.669814 0.742529 0.856447 0.516236 2 0.532747 0.345334
0.348956 0.937139 0.760381 0.649477 2 0.773073 0.450024
0.72712 0.686511 0.733408 0.679789 2 0.481717 0.475857
0.519148 0.854684 0.809816 0.586684 2 0.652498 0.399134
0.652932 0.757417 0.867463 0.497501 2 0.547077 0.331498
0.232415 0.972617 0.815923 0.578161 2 0.850675 0.392459
0.365337 0.930875 0.837912 0.545805 2 0.761908 0.367552
0.227054 0.973882 0.86529 0.501272 2 0.854181 0.334269
0.196939 0.980416 0.812998 0.582267 2 0.8738 0.395668
0.244116 0.969746 0.723086 0.690758 2 0.843004 0.485446
0.600897 0.799327 0.804646 0.593754 2 0.58962 0.40471
0.173249 0.984878 0.808464 0.588545 2 0.889147 0.400598
0.260394 0.965502 0.816481 0.577372 2 0.832295 0.391844
0.467226 0.884138 0.813396 0.58171 2 0.690507 0.395232
0.539754 0.841823 0.839179 0.543855 2 0.637034 0.366071
0.328123 0.944635 0.856712 0.515795 2 0.787168 0.345007
0.229258 0.973366 0.685608 0.727971 2 0.85274 0.519073
0.196746 0.980455 0.721727 0.692178 2 0.873925 0.486697
0.20998 0.977706 0.807974 0.589219 2 0.86532 0.401129
0.31537 0.948969 0.839472 0.543403 2 0.795743 0.365729
0.733373 0.679826 0.876861 0.480744 2 0.47589 0.319267
0.284425 0.958698 0.788103 0.615543 2 0.816395 0.422126
0.681743 0.731592 0.773231 0.634124 2 0.522445 0.437278
0.292259 0.956339 0.707901 0.706312 2 0.811186 0.499285
0.669394 0.742908 0.862414 0.506204 2 0.533108 0.337903
0.759128 0.650942 0.755006 0.655718 2 0.451252 0.455268
0.296992 0.95488 0.829487 0.558526 2 0.808033 0.377265
0.789966 0.61315 0.712928 0.701237 2 0.420196 0.494737
0.472646 0.881252 0.82135 0.570425 2 0.686598 0.386443
0.428936 0.903335 0.853195 0.521593 2 0.717777 0.349324
0.750347 0.661044 0.75859 0.651569 2 0.459773 0.451777
0.466191 0.884684 0.822606 0.568613 2 0.691252 0.385039
0.295843 0.955237 0.655997 0.754763 2 0.808799 0.544497
0.789404 0.613874 0.746926 0.664907 2 0.42078 0.463057
0.823251 0.567677 0.696692 0.71737 2 0.384316 0.509309
0.722029 0.691862 0.659484 0.751719 2 0.486419 0.54155
0.672295 0.740284 0.832729 0.553681 2 0.530617 0.373555
0.44263 0.896704 0.825001 0.565131 2 0.708091 0.382349
0.084886 0.996391 0.699801 0.714338 2 0.945895 0.506544
0.693017 0.720922 0.790033 0.613065 2 0.512563 0.420127
0.45473 0.890629 0.860224 0.509917 2 0.699471 0.340648
0.530278 0.847824 0.906025 0.423224 2 0.644175 0.278203
0.533054 0.846081 0.862437 0.506165 2 0.642088 0.337875
0.752541 0.658546 0.763357 0.645977 2 0.457656 0.447099
0.724382 0.689399 0.784759 0.619802 2 0.48425 0.425574
0.555743 0.831354 0.900602 0.434644 2 0.624868 0.286251
0.595525 0.803337 0.835471 0.549535 2 0.593888 0.37039
0.595395 0.803433 0.888603 0.458678 2 0.593991 0.303354
0.297177 0.954822 0.80932 0.587368 2 0.80791 0.399672
0.61959 0.784926 0.901958 0.431823 2 0.574598 0.284259
0.436737 0.899589 0.87395 0.486015 2 0.712268 0.3231
0.322082 0.946712 0.781863 0.623451 2 0.791235 0.42854
0.622587 0.782551 0.799953 0.600063 2 0.572164 0.409715
0.513859 0.857875 0.914284 0.405074 2 0.656431 0.265509
0.286771 0.957999 0.690482 0.723349 2 0.814836 0.514797
0.78216 0.623077 0.724851 0.688906 2 0.428235 0.483817
0.494241 0.869325 0.813227 0.581947 2 0.670892 0.395418
0.207254 0.978287 0.755113 0.655595 2 0.867095 0.455164
0.479392 0.877601 0.888167 0.459521 2 0.681714 0.303957
0.529388 0.84838 0.832773 0.553615 2 0.644843 0.373504
0.201096 0.979571 0.697803 0.716289 2 0.871099 0.508322
0.396261 0.918138 0.781062 0.624453 2 0.740615 0.429356
0.748346 0.663309 0.822874 0.568224 2 0.461697 0.384738
0.789698 0.613496 0.70464 0.709565 2 0.420475 0.502217
0.368407 0.929665 0.90812 0.418709 2 0.759806 0.275035
0.675713 0.737165 0.772985 0.634424 2 0.527672 0.437525
0.534408 0.845227 0.816548 0.577277 2 0.641069 0.39177
0.800915 0.598778 0.688558 0.725181 2 0.408694 0.516488
0.32077 0.947157 0.716696 0.697385 2 0.792117 0.491307
0.300159 0.953889 0.827211 0.561892 2 0.805921 0.379853
0.22504 0.97435 0.762115 0.647442 2 0.855498 0.448323
0.780056 0.62571 0.65636 0.754447 2 0.430381 0.54419
0.313017 0.949748 0.83089 0.556436 2 0.797321 0.375663
0.307864 0.95143 0.839908 0.542728 2 0.800772 0.365217
0.0877271 0.996145 0.714804 0.699325 2 0.944079 0.493032
0.651562 0.758595 0.900359 0.435148 2 0.548228 0.286608
0.44242 0.896808 0.821599 0.570065 2 0.70824 0.386164
0.214992 0.976616 0.665471 0.746424 2 0.862055 0.536461
0.613553 0.789654 0.882471 0.470366 2 0.57948 0.311756
0.196121 0.98058 0.681504 0.731814 2 0.874331 0.522652
0.647519 0.76205 0.779836 0.625984 2 0.551614 0.430605
0.800174 0.599767 0.809461 0.587173 2 0.40948 0.399518
0.768272 0.640124 0.783914 0.620869 2 0.442234 0.426441
0.689159 0.72461 0.818578 0.574396 2 0.51596 0.389526
0.764602 0.644503 0.726257 0.687423 2 0.445871 0.482516
0.742344 0.670019 0.826285 0.563253 2 0.467428 0.3809
0.759651 0.650331 0.675772 0.73711 2 0.45074 0.527621
0.248199 0.968709 0.709769 0.704435 2 0.840323 0.497599
0.350445 0.936583 0.759276 0.650769 2 0.772061 0.451106
0.506323 0.862344 0.850959 0.525232 2 0.662009 0.352043
0.252296 0.96765 0.68729 0.726383 2 0.837629 0.5176
0.793101 0.60909 0.699491 0.714642 2 0.41693 0.50682
0.330369 0.943852 0.787516 0.616294 2 0.785654 0.422734
0.66826 0.743928 0.757514 0.652819 2 0.534079 0.452828
0.696299 0.717752 0.753965 0.656915 2 0.509657 0.456278
0.378342 0.925666 0.852345 0.52298 2 0.752989 0.350359
0.170988 0.985273 0.74904 0.662524 2 0.890608 0.46103
0.26015 0.965568 0.83953 0.543314 2 0.832456 0.365661
0.145596 0.989344 0.730503 0.68291 2 0.90698 0.478571
0.83392 0.551886 0.690525 0.723309 2 0.372183 0.514759
0.320958 0.947093 0.877921 0.478806 2 0.79199 0.317861
0.26583 0.96402 0.693906 0.720066 2 0.828708 0.511777
0.257084 0.966389 0.68983 0.723971 2 0.834476 0.515371
0.769735 0.638364 0.739714 0.672921 2 0.440777 0.469921
0.736882 0.676021 0.705636 0.708574 2 0.472594 0.501323
0.744759 0.667333 0.694322 0.719664 2 0.465129 0.511409
0.627595 0.77854 0.824089 0.56646 2 0.568078 0.383375
0.711254 0.702936 0.709711 0.704493 2 0.496256 0.497651
0.669134 0.743141 0.780001 0.625779 2 0.53333 0.430437
0.117101 0.99312 0.740713 0.671822 2 0.92528 0.468976
0.714784 0.699345 0.733304 0.6799 2 0.49305 0.475954
0.263491 0.964662 0.7769 0.629623 2 0.830252 0.433582
0.339711 0.94053 0.902778 0.430106 2 0.779341 0.283048
0.663703 0.747996 0.819466 0.573128 2 0.537968 0.38854
0.276522 0.961007 0.73243 0.680842 2 0.821636 0.476772
0.727816 0.685772 0.87023 0.492645 2 0.481071 0.32794
0.767777 0.640717 0.863829 0.503786 2 0.442726 0.33612
0.458221 0.888838 0.804465 0.594 2 0.696973 0.404904
0.433476 0.901165 0.818225 0.574898 2 0.714574 0.389917
0.282685 0.959213 0.773956 0.633239 2 0.81755 0.43655
0.739432 0.673231 0.700571 0.713582 2 0.470188 0.505857
0.799129 0.60116 0.739584 0.673064 2 0.410589 0.470044
0.276978 0.960876 0.690255 0.723567 2 0.821334 0.514997
0.41011 0.912036 0.825746 0.564042 2 0.73098 0.381509
0.504 0.863704 0.886344 0.463028 2 0.663722 0.306474
0.287233 0.957861 0.837414 0.546569 2 0.814529 0.368133
0.337284 0.941403 0.781834 0.623486 2 0.780983 0.428569
0.533088 0.84606 0.900813 0.434207 2 0.642063 0.285943
0.799401 0.600798 0.661472 0.74997 2 0.410301 0.539864
0.335215 0.942142 0.746521 0.665362 2 0.782382 0.463446
0.294275 0.955721 0.670082 0.742287 2 0.809844 0.532518
0.800171 0.599772 0.828507 0.559978 2 0.409484 0.378381
0.380045 0.924968 0.827051 0.562126 2 0.751817 0.380033
0.754603 0.656181 0.796865 0.604158 2 0.455659 0.412981
0.141073 0.989999 0.717983 0.69606 2 0.90989 0.490131
0.134867 0.990864 0.727964 0.685616 2 0.913879 0.480934
0.666157 0.745811 0.812667 0.582728 2 0.535876 0.396029
0.504709 0.863289 0.895037 0.445992 2 0.663199 0.294298
0.773118 0.634262 0.753525 0.65742 2 0.437392 0.456704
0.727646 0.685952 0.716635 0.697448 2 0.481228 0.491363
0.470852 0.882212 0.83394 0.551856 2 0.687893 0.37216
0.422527 0.906351 0.821059 0.570843 2 0.722287 0.386767
0.747989 0.663711 0.760657 0.649154 2 0.462039 0.449753
0.7703 0.637681 0.683263 0.730173 2 0.440212 0.521121
0.251584 0.967835 0.717128 0.696942 2 0.838097 0.490913
0.716658 0.697425 0.802085 0.597209 2 0.491342 0.407448
0.55596 0.831209 0.901032 0.433752 2 0.624701 0.285621
0.581362 0.813645 0.905175 0.425039 2 0.60504 0.279479
0.223837 0.974627 0.658137 0.752899 2 0.856284 0.54269
0.682845 0.730563 0.77297 0.634442 2 0.521485 0.43754
0.695323 0.718698 0.72306 0.690785 2 0.510523 0.48547
0.673889 0.738833 0.881217 0.472712 2 0.529246 0.31345
0.476203 0.879335 0.859315 0.511447 2 0.684025 0.34178
0.234882 0.972024 0.736887 0.676016 2 0.849059 0.47259
0.746292 0.665619 0.738471 0.674285 2 0.463665 0.471096
0.682567 0.730823 0.893412 0.449238 2 0.521727 0.296609
0.760239 0.649644 0.77797 0.628301 2 0.450164 0.432499
0.210807 0.977528 0.665909 0.746033 2 0.864782 0.536088
0.224859 0.974391 0.697293 0.716786 2 0.855616 0.508775
0.669479 0.742831 0.829997 0.557768 2 0.533035 0.376684
0.826256 0.563295 0.676708 0.736251 2 0.380933 0.526812
0.359679 0.933076 0.767431 0.641131 2 0.765772 0.443069
0.726605 0.687055 0.683112 0.730314 2 0.482194 0.521253
0.28739 0.957814 0.767926 0.640539 2 0.814425 0.442578
0.757002 0.653412 0.789028 0.614357 2 0.453326 0.421169
0.620783 0.783983 0.844371 0.535759 2 0.57363 0.359949
0.561286 0.827622 0.837663 0.546187 2 0.620614 0.367843
0.49193 0.870635 0.894576 0.446915 2 0.672583 0.294955
0.343954 0.938986 0.796183 0.605055 2 0.776467 0.413698
0.542016 0.840368 0.903238 0.429141 2 0.635323 0.282367
0.794024 0.607887 0.734922 0.678151 2 0.415965 0.474437
0.727377 0.686238 0.844545 0.535485 2 0.481478 0.359743
0.203178 0.979142 0.761618 0.648026 2 0.869746 0.448811
0.526669 0.850071 0.829703 0.558205 2 0.646882 0.377019
0.310063 0.950716 0.777646 0.628702 2 0.7993 0.432827
0.68528 0.72828 0.821547 0.57014 2 0.51936 0.386222
0.142856 0.989743 0.721766 0.692137 2 0.908743 0.486662
0.365875 0.930664 0.762839 0.646588 2 0.761539 0.44761
0.493949 0.869491 0.867227 0.497913 2 0.671106 0.3318
0.346194 0.938163 0.848199 0.529678 2 0.774948 0.355375
0.777353 0.629065 0.759199 0.650859 2 0.433124 0.451182
0.236769 0.971566 0.763166 0.646203 2 0.847823 0.447288
0.630959 0.775816 0.828806 0.559537 2 0.565323 0.378042
0.317396 0.948293 0.812401 0.583099 2 0.794383 0.39632
0.768846 0.639434 0.841041 0.540972 2 0.441663 0.363887
0.754183 0.656664 0.759539 0.650462 2 0.456066 0.450849
0.815824 0.5783 0.707917 0.706296 2 0.392567 0.499271
0.285651 0.958334 0.830263 0.557372 2 0.81558 0.37638
0.240777 0.97058 0.695525 0.718502 2 0.845195 0.510344
0.595579 0.803297 0.852039 0.523478 2 0.593846 0.350732
0.0829168 0.996556 0.675438 0.737417 2 0.947153 0.527909
0.685709 0.727876 0.880147 0.474701 2 0.518985 0.314888
0.638529 0.769598 0.847911 0.530139 2 0.559087 0.35572
0.828081 0.560608 0.712315 0.70186 2 0.378865 0.495293
0.256711 0.966488 0.737799 0.67502 2 0.834722 0.47173
0.451434 0.892305 0.813236 0.581934 2 0.701826 0.395407
0.44904 0.893512 0.888763 0.458368 2 0.703532 0.303132
0.647633 0.761952 0.776068 0.63065 2 0.551518 0.434423
0.261412 0.965227 0.824719 0.565543 2 0.831624 0.382666
0.428962 0.903323 0.846276 0.532745 2 0.717759 0.357679
0.50573 0.862692 0.851235 0.524784 2 0.662447 0.351708
0.765102 0.643909 0.720479 0.693477 2 0.445377 0.487844
0.676826 0.736143 0.800439 0.599415 2 0.52671 0.4092
0.823578 0.567204 0.725898 0.687802 2 0.38395 0.482848
0.817923 0.575328 0.682656 0.73074 2 0.390251 0.52165
0.701983 0.712193 0.782441 0.622725 2 0.504596 0.427949
0.191745 0.981445 0.679212 0.733942 2 0.877171 0.524644
0.711706 0.702478 0.854297 0.519786 2 0.495846 0.347976
0.552333 0.833624 0.845314 0.53427 2 0.627476 0.358827
0.307842 0.951438 0.881371 0.472425 2 0.800787 0.313243
0.780273 0.625439 0.817039 0.576582 2 0.43016 0.391228
0.445325 0.895369 0.888551 0.458777 2 0.706177 0.303425
0.722004 0.691889 0.682875 0.730535 2 0.486442 0.521459
0.379829 0.925057 0.843888 0.536519 2 0.751966 0.360522
0.803581 0.595195 0.695969 0.718071 2 0.405851 0.50995
0.259425 0.965763 0.704508 0.709696 2 0.832934 0.502335
0.786321 0.617818 0.812809 0.582531 2 0.423966 0.395875
0.263637 0.964622 0.798766 0.601642 2 0.830156 0.410973
0.754071 0.656793 0.875433 0.48334 2 0.456175 0.321153
0.292379 0.956302 0.728035 0.68554 2 0.811106 0.480868
0.717359 0.696703 0.725463 0.688261 2 0.490701 0.483251
0.642585 0.766215 0.781409 0.624019 2 0.555724 0.429002
0.31492 0.949118 0.839783 0.542922 2 0.796045 0.365364
0.236979 0.971515 0.838653 0.544666 2 0.847686 0.366687
0.388622 0.921397 0.784946 0.619564 2 0.745903 0.425381
0.369455 0.929248 0.815022 0.57943 2 0.759089 0.39345
0.244527 0.969642 0.721179 0.692749 2 0.842735 0.487201
0.306322 0.951928 0.852642 0.522495 2 0.801803 0.349997
0.199912 0.979814 0.834132 0.551565 2 0.871869 0.371938
0.65236 0.75791 0.832267 0.554375 2 0.547558 0.374085
0.802135 0.597143 0.823054 0.567964 2 0.407395 0.384537
0.553798 0.832651 0.923179 0.38437 2 0.626356 0.251163
0.260078 0.965587 0.789141 0.614212 2 0.832503 0.421052
0.680459 0.732786 0.844769 0.535132 2 0.52356 0.359476
0.690961 0.722892 0.864827 0.50207 2 0.514375 0.334856
0.78449 0.620142 0.771282 0.636494 2 0.42585 0.439232
0.354628 0.935007 0.859814 0.510607 2 0.769215 0.341159
0.405753 0.913983 0.844972 0.534811 2 0.734018 0.359234
0.635129 0.772406 0.842543 0.538628 2 0.561894 0.362115
0.611411 0.791313 0.888186 0.459485 2 0.581204 0.303932
0.639588 0.768718 0.841269 0.540617 2 0.55821 0.363618
0.824327 0.566114 0.746882 0.664957 2 0.383108 0.4631
0.633758 0.773531 0.787679 0.616086 2 0.563023 0.422565
0.704872 0.709334 0.693028 0.720911 2 0.502008 0.512552
0.759038 0.651046 0.670454 0.741951 2 0.451339 0.532199
0.736949 0.675948 0.834676 0.550741 2 0.472532 0.37131
0.681621 0.731705 0.902297 0.431114 2 0.522551 0.283759
0.15173 0.988422 0.753264 0.657718 2 0.903031 0.456956
0.357706 0.933834 0.858065 0.513541 2 0.767118 0.343333
0.310551 0.950557 0.861226 0.508223 2 0.798973 0.339395
0.69315 0.720793 0.897766 0.440473 2 0.512445 0.290378
0.321984 0.946745 0.787114 0.616807 2 0.791301 0.423148
0.691443 0.722431 0.753576 0.657361 2 0.513951 0.456655
0.729773 0.68369 0.701227 0.712938 2 0.479252 0.505272
0.764384 0.644762 0.68285 0.730558 2 0.446087 0.52148
0.835464 0.549546 0.666044 0.745913 2 0.370398 0.535973
0.749881 0.661573 0.658835 0.752288 2 0.460222 0.542099
0.639682 0.76864 0.866665 0.49889 2 0.558132 0.332518
0.344186 0.938901 0.768435 0.639928 2 0.77631 0.442071
0.646189 0.763177 0.831952 0.554848 2 0.552723 0.374447
0.378978 0.925406 0.78205 0.623216 2 0.752551 0.428348
0.73453 0.678576 0.832116 0.554601 2 0.474805 0.374258
0.440015 0.897991 0.874757 0.484562 2 0.709946 0.322042
0.207181 0.978303 0.708068 0.706144 2 0.867142 0.499134
0.4842 0.874958 0.836139 0.548518 2 0.678222 0.369616
0.224821 0.9744 0.769465 0.638689 2 0.85564 0.441046
0.317494 0.94826 0.70941 0.704796 2 0.794317 0.497923
0.117773 0.993041 0.751362 0.65989 2 0.924849 0.458794
0.498922 0.866647 0.817662 0.575699 2 0.667459 0.39054
0.200318 0.979731 0.805497 0.5926 2 0.871605 0.403797
0.128884 0.99166 0.789084 0.614285 2 0.917721 0.421111
0.502175 0.864766 0.899238 0.43746 2 0.665067 0.288244
0.363051 0.931769 0.818964 0.573845 2 0.76347 0.389098
0.581942 0.81323 0.895621 0.444817 2 0.604586 0.293463
0.233776 0.97229 0.68612 0.727488 2 0.849783 0.518625
0.679672 0.733516 0.88906 0.45779 2 0.524244 0.302718
0.137427 0.990512 0.665946 0.746 2 0.912234 0.536056
0.45853 0.888679 0.858922 0.512106 2 0.696753 0.342269
0.609562 0.792739 0.801528 0.597957 2 0.582691 0.408041
0.669874 0.742475 0.798208 0.602382 2 0.532696 0.411563
0.709041 0.705167 0.87734 0.479869 2 0.498256 0.318632
0.124821 0.992179 0.743365 0.668887 2 0.920329 0.466458
0.167993 0.985788 0.809929 0.586529 2 0.892543 0.399012
0.261941 0.965084 0.757376 0.652979 2 0.831275 0.452962
0.578059 0.815995 0.848796 0.52872 2 0.607621 0.354656
0.727411 0.686202 0.840791 0.54136 2 0.481447 0.364181
0.350551 0.936544 0.767288 0.641303 2 0.771989 0.443212
0.406175 0.913795 0.849233 0.528018 2 0.733725 0.35413
0.778194 0.628024 0.826552 0.56286 2 0.432272 0.380598
0.54863 0.836065 0.819188 0.573525 2 0.630299 0.388849
0.343545 0.939136 0.790143 0.612922 2 0.776745 0.420012
0.230613 0.973045 0.847207 0.531263 2 0.851853 0.356565
0.458468 0.888711 0.904678 0.426096 2 0.696797 0.280223
0.229574 0.973291 0.781775 0.62356 2 0.852533 0.428629
0.684889 0.728647 0.749147 0.662403 2 0.519701 0.460927
0.548372 0.836234 0.858028 0.513603 2 0.630496 0.343379
0.299991 0.953942 0.664617 0.747184 2 0.806033 0.537189
0.49952 0.866303 0.860754 0.509021 2 0.66702 0.339985
0.645252 0.76397 0.822252 0.569124 2 0.553505 0.385435
0.712661 0.701509 0.819628 0.572896 2 0.49498 0.38836
0.0867066 0.996234 0.687612 0.726078 2 0.944731 0.517318
0.321632 0.946865 0.845956 0.533253 2 0.791537 0.358061
0.415624 0.909536 0.801174 0.598432 2 0.727126 0.408418
0.574907 0.818219 0.825879 0.563847 2 0.610076 0.381358
0.290459 0.956887 0.722667 0.691196 2 0.812384 0.485832
0.430402 0.902637 0.81808 0.575104 2 0.716744 0.390077
0.47871 0.877973 0.91293 0.408116 2 0.682209 0.267628
0.369373 0.929281 0.791951 0.610585 2 0.759145 0.418131
0.302158 0.953258 0.755188 0.655509 2 0.804586 0.455091
0.715727 0.69838 0.825082 0.565014 2 0.492191 0.382258
0.784147 0.620575 0.799693 0.60041 2 0.426201 0.409991
0.272827 0.962063 0.773908 0.633298 2 0.824083 0.436599
0.190475 0.981692 0.740311 0.672264 2 0.877995 0.469356
0.696214 0.717834 0.731759 0.681563 2 0.509733 0.477399
0.236212 0.971702 0.74376 0.668446 2 0.848188 0.466081
0.677326 0.735683 0.802443 0.596728 2 0.526277 0.407066
0.41455 0.910027 0.861706 0.507407 2 0.727878 0.338792
0.508996 0.860769 0.922827 0.385215 2 0.660034 0.251746
0.455466 0.890253 0.83773 0.546085 2 0.698945 0.367765
0.159756 0.987156 0.765477 0.643463 2 0.897858 0.445006
0.570345 0.821405 0.85871 0.512462 2 0.613619 0.342533
0.667005 0.745053 0.878824 0.477146 2 0.535152 0.316657
0.684613 0.728907 0.811193 0.584778 2 0.519943 0.397637
0.678861 0.734267 0.742945 0.669353 2 0.524948 0.466857
0.272856 0.962055 0.714452 0.699684 2 0.824064 0.493352
0.350068 0.936724 0.872395 0.488801 2 0.772317 0.325131
0.595479 0.803371 0.909175 0.416415 2 0.593925 0.273427
0.845459 0.53404 0.69431 0.719676 2 0.358654 0.511419
0.686915 0.726738 0.735566 0.677454 2 0.517929 0.473833
0.379439 0.925217 0.891292 0.45343 2 0.752234 0.2996
0.373773 0.92752 0.790751 0.612138 2 0.756128 0.419381
0.76532 0.64365 0.659453 0.751746 2 0.445162 0.541576
0.309193 0.950999 0.863987 0.503515 2 0.799882 0.33592
0.294292 0.955715 0.710652 0.703543 2 0.809832 0.4968
0.32483 0.945772 0.83214 0.554566 2 0.789386 0.374232
0.626512 0.779412 0.821096 0.57079 2 0.568964 0.386726
0.7848 0.619749 0.788996 0.614398 2 0.425531 0.421202
0.182995 0.983114 0.76111 0.648623 2 0.882842 0.449309
0.758539 0.651627 0.764518 0.644602 2 0.451827 0.445954
0.252779 0.967524 0.780699 0.624908 2 0.837311 0.429727
0.376294 0.9265 0.858246 0.513239 2 0.754397 0.343109
0.420896 0.907109 0.799519 0.60064 2 0.723432 0.410175
0.685138 0.728414 0.886165 0.46337 2 0.519484 0.30672
0.72953 0.683948 0.769086 0.639145 2 0.479477 0.441423
0.614025 0.789287 0.837814 0.545955 2 0.579099 0.367666
0.0840778 0.996459 0.662836 0.748765 2 0.946411 0.538706
0.566706 0.82392 0.854027 0.520229 2 0.616435 0.348307
0.304577 0.952488 0.839409 0.5435 2 0.80297 0.365802
0.282884 0.959154 0.794908 0.60673 2 0.817417 0.415038
0.771629 0.636073 0.800211 0.599718 2 0.438885 0.409441
0.616305 0.787507 0.867997 0.49657 2 0.577258 0.330814
0.796561 0.604558 0.685755 0.727832 2 0.4133 0.518944
0.516935 0.856025 0.904011 0.42751 2 0.654146 0.281218
0.268603 0.963251 0.841993 0.539489 2 0.826876 0.362765
0.507666 0.861554 0.818993 0.573804 2 0.661017 0.389066
0.323121 0.946358 0.842903 0.538066 2 0.790536 0.36169
0.310853 0.950458 0.826315 0.563209 2 0.798771 0.380867
0.197882 0.980226 0.676804 0.736163 2 0.873187 0.526729
0.229408 0.97333 0.846881 0.531783 2 0.852642 0.356955
0.484806 0.874622 0.80975 0.586775 2 0.67778 0.399206
0.335313 0.942107 0.902697 0.430276 2 0.782316 0.283167
0.652961 0.757392 0.811188 0.584786 2 0.547053 0.397643
0.575343 0.817913 0.912704 0.408621 2 0.609738 0.26798
0.733609 0.679572 0.794375 0.607427 2 0.475669 0.415597
0.725594 0.688123 0.823251 0.567677 2 0.483131 0.384316
0.119659 0.992815 0.688413 0.725319 2 0.92364 0.516616
0.20409 0.978952 0.717051 0.69702 2 0.869153 0.490983
0.767833 0.64065 0.712676 0.701493 2 0.44267 0.494966
0.743813 0.668388 0.708652 0.705558 2 0.466031 0.498607
0.412449 0.910981 0.824176 0.566333 2 0.729347 0.383277
0.251143 0.96795 0.790874 0.611978 2 0.838387 0.419252
0.239946 0.970786 0.72262 0.691245 2 0.84574 0.485875
0.565283 0.824897 0.819271 0.573406 2 0.617534 0.388757
0.290335 0.956925 0.802903 0.59611 2 0.812467 0.406576
0.462937 0.886391 0.913884 0.405976 2 0.693591 0.266137
0.33876 0.940873 0.814116 0.580702 2 0.779985 0.394443
0.645924 0.763402 0.865427 0.501035 2 0.552944 0.334095
0.282182 0.959361 0.670268 0.742119 2 0.817884 0.532359
0.533628 0.845719 0.825734 0.564059 2 0.641657 0.381522
0.756698 0.653765 0.764953 0.644086 2 0.453623 0.445525
0.75808 0.652161 0.835727 0.549146 2 0.452275 0.370094
0.725225 0.688512 0.807756 0.589517 2 0.483471 0.401364
0.302967 0.953001 0.844882 0.534953 2 0.804045 0.359342
0.37795 0.925826 0.823096 0.567902 2 0.753258 0.384489
0.831632 0.555327 0.771601 0.636106 2 0.374814 0.438912
0.713846 0.700303 0.891981 0.452073 2 0.493903 0.29863
0.544539 0.838736 0.829888 0.55793 2 0.633409 0.376808
0.688729 0.725019 0.757009 0.653404 2 0.516338 0.453319
0.347628 0.937633 0.809417 0.587234 2 0.773975 0.399566
0.815025 0.579425 0.669718 0.742616 2 0.393446 0.53283
0.770661 0.637246 0.848398 0.529359 2 0.439853 0.355135
0.845307 0.534281 0.705244 0.708965 2 0.358835 0.501675
0.368516 0.929622 0.845158 0.534516 2 0.759732 0.359012
0.360034 0.932939 0.810432 0.585833 2 0.76553 0.398465
0.712371 0.701804 0.692913 0.721021 2 0.495243 0.512654
0.784774 0.619782 0.716397 0.697693 2 0.425558 0.49158
0.689818 0.723983 0.846226 0.532824 2 0.515381 0.357739
0.242441 0.970166 0.765186 0.643809 2 0.844104 0.445294
0.479185 0.877714 0.847267 0.531167 2 0.681865 0.356492
0.468935 0.883232 0.825476 0.564437 2 0.689275 0.381814
0.642389 0.766379 0.851151 0.524921 2 0.555887 0.35181
0.406285 0.913746 0.901006 0.433806 2 0.733648 0.285659
0.350216 0.936669 0.869134 0.494576 2 0.772216 0.329354
0.793936 0.608001 0.72043 0.693528 2 0.416056 0.487889
0.228513 0.973541 0.816254 0.577693 2 0.853227 0.392094
0.766121 0.642697 0.780483 0.625178 2 0.444369 0.429947
0.516694 0.85617 0.865732 0.500508 2 0.654325 0.333707
0.539651 0.841889 0.875658 0.482931 2 0.637112 0.320856
0.170461 0.985364 0.738499 0.674255 2 0.890949 0.47107
0.373199 0.927751 0.803029 0.59594 2 0.756522 0.406441
0.795557 0.605879 0.752328 0.658788 2 0.414357 0.457861
0.709564 0.704641 0.870339 0.492454 2 0.497783 0.3278
0.40621 0.91378 0.78735 0.616506 2 0.7337 0.422905
0.52431 0.851527 0.869689 0.4936 2 0.648646 0.328639
0.322826 0.946458 0.900164 0.435551 2 0.790734 0.286893
0.220267 0.97544 0.720357 0.693604 2 0.858614 0.487956
0.732859 0.680381 0.831722 0.555193 2 0.476371 0.374711
0.3864 0.922331 0.891914 0.452206 2 0.747437 0.298726
0.712835 0.701332 0.850064 0.526679 2 0.494822 0.353126
0.713166 0.700995 0.798394 0.602135 2 0.494521 0.411366
0.676638 0.736315 0.854349 0.5197 2 0.526872 0.347912
0.500713 0.865613 0.809574 0.587018 2 0.666142 0.399397
0.360657 0.932699 0.828421 0.560106 2 0.765105 0.378479
0.647723 0.761876 0.891599 0.452825 2 0.551443 0.299168
0.331836 0.943337 0.792283 0.610154 2 0.784664 0.417785
0.109121 0.994028 0.695463 0.718562 2 0.930393 0.510399
0.284071 0.958803 0.753499 0.657449 2 0.81663 0.456729
0.343986 0.938975 0.744182 0.667977 2 0.776446 0.465679
0.244464 0.969658 0.740536 0.672017 2 0.842776 0.469144
0.357427 0.933941 0.850935 0.525271 2 0.767308 0.352072
0.726707 0.686947 0.706664 0.707549 2 0.482099 0.500398
0.787962 0.615724 0.673523 0.739166 2 0.422273 0.529561
0.22464 0.974442 0.807411 0.589989 2 0.855759 0.401736
0.530446 0.847719 0.894546 0.446976 2 0.644049 0.294998
0.159443 0.987207 0.683722 0.729743 2 0.89806 0.52072
0.670004 0.742358 0.857524 0.514445 2 0.532585 0.344004
0.112496 0.993652 0.751828 0.659359 2 0.928231 0.458345
0.747771 0.663957 0.67213 0.740433 2 0.462248 0.530759
0.414617 0.909996 0.790483 0.612484 2 0.727831 0.419659
0.566705 0.823921 0.889894 0.456167 2 0.616436 0.301556
0.419172 0.907907 0.85455 0.519368 2 0.724641 0.347665
0.417457 0.908697 0.812826 0.582506 2 0.725843 0.395856
0.376396 0.926459 0.848268 0.529567 2 0.754326 0.355291
0.814697 0.579887 0.752706 0.658357 2 0.393807 0.457496
0.266682 0.963785 0.688652 0.725092 2 0.828145 0.516405
0.306987 0.951714 0.651481 0.758665 2 0.801359 0.548296
0.400188 0.916433 0.830853 0.556492 2 0.73789 0.375706
0.596508 0.802607 0.900558 0.434736 2 0.593109 0.286316
0.742494 0.669853 0.671356 0.741135 2 0.467286 0.531425
0.118506 0.992953 0.653664 0.756785 2 0.924379 0.546462
0.713777 0.700373 0.760569 0.649257 2 0.493966 0.44984
